333333283333335000000
333333383333335000000
333333483333355000001
333333583333395000005
333333683333455000014
333333783333535000030
333333883333635000055
333333983333755000091
333334083333895000140
333334183334055000204
333333283333335000000
333333383333335000000
333333483333355000001
333333583333395000005
333333683333455000014
333333783333535000030
333333883333635000055
333333983333755000091
333334083333895000140
333334183334055000204
333334283334235000285
333334383334435000385
333334483334655000506
333334583334895000650
333334683335155000819
333334783335435001015
333334883335735001240
333334983336055001496
333335083336395001785
333335183336755002109
